        0.5000000000       -1.6894184057
        0.5100000000       -1.7447916214
        0.5200000000       -1.7974358803
        0.5300000000       -1.8475134873
        0.5400000000       -1.8951743299
        0.5500000000       -1.9405570506
        0.5600000000       -1.9837900907
        0.5700000000       -2.0249926215
        0.5800000000       -2.0642753760
        0.5900000000       -2.1017413937
        0.6000000000       -2.1374866881
        0.6100000000       -2.1716008467
        0.6200000000       -2.2041675703
        0.6300000000       -2.2352651591
        0.6400000000       -2.2649669514
        0.6500000000       -2.2933417198
        0.6600000000       -2.3204540302
        0.6700000000       -2.3463645662
        0.6800000000       -2.3711304246
        0.6900000000       -2.3948053830
        0.7000000000       -2.4174401435
        0.7100000000       -2.4390825551
        0.7200000000       -2.4597778158
        0.7300000000       -2.4795686577
        0.7400000000       -2.4984955162
        0.7500000000       -2.5165966843
        0.7600000000       -2.5339084551
        0.7700000000       -2.5504652516
        0.7800000000       -2.5662997464
        0.7900000000       -2.5814429717
        0.8000000000       -2.5959244209
        0.8100000000       -2.6097721419
        0.8200000000       -2.6230128234
        0.8300000000       -2.6356718752
        0.8400000000       -2.6477735015
        0.8500000000       -2.6593407701
        0.8600000000       -2.6703956753
        0.8700000000       -2.6809591980
        0.8800000000       -2.6910513599
        0.8900000000       -2.7006912753
        0.9000000000       -2.7098971988
        0.9100000000       -2.7186865703
        0.9200000000       -2.7270760564
        0.9300000000       -2.7350815900
        0.9400000000       -2.7427184072
        0.9500000000       -2.7500010814
        0.9600000000       -2.7569435561
        0.9700000000       -2.7635591754
        0.9800000000       -2.7698607127
        0.9900000000       -2.7758603982
        1.0000000000       -2.7815699442
        1.0100000000       -2.7870005694
        1.0200000000       -2.7921630223
        1.0300000000       -2.7970676023
        1.0400000000       -2.8017241808
        1.0500000000       -2.8061422205
        1.0600000000       -2.8103307942
        1.0700000000       -2.8142986020
        1.0800000000       -2.8180539886
        1.0900000000       -2.8216049591
        1.1000000000       -2.8249591938
        1.1100000000       -2.8281240633
        1.1200000000       -2.8311066417
        1.1300000000       -2.8339137204
        1.1400000000       -2.8365518198
        1.1500000000       -2.8390272021
        1.1600000000       -2.8413458820
        1.1700000000       -2.8435136383
        1.1800000000       -2.8455360237
        1.1900000000       -2.8474183750
        1.2000000000       -2.8491658225
        1.2100000000       -2.8507832993
        1.2200000000       -2.8522755497
        1.2300000000       -2.8536471374
        1.2400000000       -2.8549024538
        1.2500000000       -2.8560457251
        1.2600000000       -2.8570810199
        1.2700000000       -2.8580122555
        1.2800000000       -2.8588432052
        1.2900000000       -2.8595775042
        1.3000000000       -2.8602186553
        1.3100000000       -2.8607700352
        1.3200000000       -2.8612348996
        1.3300000000       -2.8616163885
        1.3400000000       -2.8619175308
        1.3500000000       -2.8621412498
        1.3600000000       -2.8622903670
        1.3700000000       -2.8623676066
        1.3800000000       -2.8623755996
        1.3900000000       -2.8623168880
        1.4000000000       -2.8621939278
        1.4100000000       -2.8620090932
        1.4200000000       -2.8617646796
        1.4300000000       -2.8614629069
        1.4400000000       -2.8611059226
        1.4500000000       -2.8606958045
        1.4600000000       -2.8602345635
        1.4700000000       -2.8597241463
        1.4800000000       -2.8591664378
        1.4900000000       -2.8585632636
        1.5000000000       -2.8579163920
        1.5100000000       -2.8572275361
        1.5200000000       -2.8564983562
        1.5300000000       -2.8557304613
        1.5400000000       -2.8549254112
        1.5500000000       -2.8540847181
        1.5600000000       -2.8532098480
        1.5700000000       -2.8523022229
        1.5800000000       -2.8513632218
        1.5900000000       -2.8503941821
        1.6000000000       -2.8493964013
        1.6100000000       -2.8483711378
        1.6200000000       -2.8473196127
        1.6300000000       -2.8462430103
        1.6400000000       -2.8451424799
        1.6500000000       -2.8440191365
        1.6600000000       -2.8428740616
        1.6700000000       -2.8417083047
        1.6800000000       -2.8405228839
        1.6900000000       -2.8393187868
        1.7000000000       -2.8380969716
        1.7100000000       -2.8368583674
        1.7200000000       -2.8356038758
        1.7300000000       -2.8343343710
        1.7400000000       -2.8330507006
        1.7500000000       -2.8317536869
        1.7600000000       -2.8304441267
        1.7700000000       -2.8291227929
        1.7800000000       -2.8277904342
        1.7900000000       -2.8264477766
        1.8000000000       -2.8250955236
        1.8100000000       -2.8237343566
        1.8200000000       -2.8223649359
        1.8300000000       -2.8209879010
        1.8400000000       -2.8196038712
        1.8500000000       -2.8182134462
        1.8600000000       -2.8168172067
        1.8700000000       -2.8154157146
        1.8800000000       -2.8140095138
        1.8900000000       -2.8125991306
        1.9000000000       -2.8111850740
        1.9100000000       -2.8097678367
        1.9200000000       -2.8083478949
        1.9300000000       -2.8069257091
        1.9400000000       -2.8055017245
        1.9500000000       -2.8040763715
        1.9600000000       -2.8026500661
        1.9700000000       -2.8012232100
        1.9800000000       -2.7997961916
        1.9900000000       -2.7983693857
        2.0000000000       -2.7969431547
        2.0100000000       -2.7955178481
        2.0200000000       -2.7940938036
        2.0300000000       -2.7926713470
        2.0400000000       -2.7912507930
        2.0500000000       -2.7898324449
        2.0600000000       -2.7884165956
        2.0700000000       -2.7870035275
        2.0800000000       -2.7855935131
        2.0900000000       -2.7841868151
        2.1000000000       -2.7827836869
        2.1100000000       -2.7813843727
        2.1200000000       -2.7799891078
        2.1300000000       -2.7785981191
        2.1400000000       -2.7772116253
        2.1500000000       -2.7758298371
        2.1600000000       -2.7744529572
        2.1700000000       -2.7730811812
        2.1800000000       -2.7717146973
        2.1900000000       -2.7703536866
        2.2000000000       -2.7689983237
        2.2100000000       -2.7676487763
        2.2200000000       -2.7663052062
        2.2300000000       -2.7649677686
        2.2400000000       -2.7636366131
        2.2500000000       -2.7623118834
        2.2600000000       -2.7609937179
        2.2700000000       -2.7596822492
        2.2800000000       -2.7583776051
        2.2900000000       -2.7570799082
        2.3000000000       -2.7557892760
        2.3100000000       -2.7545058218
        2.3200000000       -2.7532296537
        2.3300000000       -2.7519608759
        2.3400000000       -2.7506995878
        2.3500000000       -2.7494458851
        2.3600000000       -2.7481998591
        2.3700000000       -2.7469615972
        2.3800000000       -2.7457311831
        2.3900000000       -2.7445086966
        2.4000000000       -2.7432942142
        2.4100000000       -2.7420878084
        2.4200000000       -2.7408895488
        2.4300000000       -2.7396995012
        2.4400000000       -2.7385177283
        2.4500000000       -2.7373442899
        2.4600000000       -2.7361792423
        2.4700000000       -2.7350226390
        2.4800000000       -2.7338745306
        2.4900000000       -2.7327349646
        2.5000000000       -2.7316039858
        2.5100000000       -2.7304816364
        2.5200000000       -2.7293679557
        2.5300000000       -2.7282629805
        2.5400000000       -2.7271667448
        2.5500000000       -2.7260792804
        2.5600000000       -2.7250006164
        2.5700000000       -2.7239307795
        2.5800000000       -2.7228697940
        2.5900000000       -2.7218176819
        2.6000000000       -2.7207744630
        2.6100000000       -2.7197401548
        2.6200000000       -2.7187147723
        2.6300000000       -2.7176983289
        2.6400000000       -2.7166908353
        2.6500000000       -2.7156923004
        2.6600000000       -2.7147027310
        2.6700000000       -2.7137221319
        2.6800000000       -2.7127505058
        2.6900000000       -2.7117878537
        2.7000000000       -2.7108341743
        2.7100000000       -2.7098894647
        2.7200000000       -2.7089537201
        2.7300000000       -2.7080269338
        2.7400000000       -2.7071090974
        2.7500000000       -2.7062002006
        2.7600000000       -2.7053002315
        2.7700000000       -2.7044091766
        2.7800000000       -2.7035270204
        2.7900000000       -2.7026537462
        2.8000000000       -2.7017893353
        2.8100000000       -2.7009337677
        2.8200000000       -2.7000870217
        2.8300000000       -2.6992490742
        2.8400000000       -2.6984199006
        2.8500000000       -2.6975994747
        2.8600000000       -2.6967877692
        2.8700000000       -2.6959847551
        2.8800000000       -2.6951904022
        2.8900000000       -2.6944046788
        2.9000000000       -2.6936275523
        2.9100000000       -2.6928589884
        2.9200000000       -2.6920989518
        2.9300000000       -2.6913474060
        2.9400000000       -2.6906043131
        2.9500000000       -2.6898696344
        2.9600000000       -2.6891433299
        2.9700000000       -2.6884253584
        2.9800000000       -2.6877156780
        2.9900000000       -2.6870142454
        3.0000000000       -2.6863210166
        3.0100000000       -2.6856359464
        3.0200000000       -2.6849589890
        3.0300000000       -2.6842900973
        3.0400000000       -2.6836292237
        3.0500000000       -2.6829763195
        3.0600000000       -2.6823313354
        3.0700000000       -2.6816942211
        3.0800000000       -2.6810649258
        3.0900000000       -2.6804433978
        3.1000000000       -2.6798295848
        3.1100000000       -2.6792234339
        3.1200000000       -2.6786248913
        3.1300000000       -2.6780339030
        3.1400000000       -2.6774504140
        3.1500000000       -2.6768743692
        3.1600000000       -2.6763057126
        3.1700000000       -2.6757443880
        3.1800000000       -2.6751903385
        3.1900000000       -2.6746435069
        3.2000000000       -2.6741038356
        3.2100000000       -2.6735712666
        3.2200000000       -2.6730457415
        3.2300000000       -2.6725272015
        3.2400000000       -2.6720155878
        3.2500000000       -2.6715108410
        3.2600000000       -2.6710129015
        3.2700000000       -2.6705217096
        3.2800000000       -2.6700372053
        3.2900000000       -2.6695593284
        3.3000000000       -2.6690880186
        3.3100000000       -2.6686232154
        3.3200000000       -2.6681648581
        3.3300000000       -2.6677128861
        3.3400000000       -2.6672672386
        3.3500000000       -2.6668278548
        3.3600000000       -2.6663946736
        3.3700000000       -2.6659676343
        3.3800000000       -2.6655466759
        3.3900000000       -2.6651317376
        3.4000000000       -2.6647227584
        3.4100000000       -2.6643196776
        3.4200000000       -2.6639224344
        3.4300000000       -2.6635309682
        3.4400000000       -2.6631452183
        3.4500000000       -2.6627651244
        3.4600000000       -2.6623906261
        3.4700000000       -2.6620216633
        3.4800000000       -2.6616581759
        3.4900000000       -2.6613001042
        3.5000000000       -2.6609473884
        3.5100000000       -2.6605999692
